200.33
200.98
200.35
199.07
199.03
198.46
199.08
199.33
199.52
199.9
199.53
198.18
196.21
193.38
191.61
189.27
187.38
186.98
186.16
185.06
184.3
183.66
183.19
183.29
182.15
181.71
180.4
180.84
181.41
182.94
184.9
186.33
187.41
187.12
186.24
186.02
187.86
189.89
191.59
192.22
192.93
193.96
194.64
194.97
194.71
194.49
194.87
196.56
199.33
200.41
199.65
198.94
198.14
197.43
196.01
194.67
192.04
189.86
187.84
185.75
184.09
183.32
182.96
181.95
182.16
181.15
180.09
179.33
177.53
176.83
176.61
178.1
179.5
182.77
186.03
187.54
190.94
193.29
197.15
201.86
204.02
205.77
209.05
210.7
212.23
214.38
215.85
218.49
221.31
224.08
226.01
225.93
227.26
227.97
227.42
228.04
228.88
230.64
232.22
232.25
233.36
235.75
237.06
237.97
238.87
239.5
240.38
241.99
245.1
246.52
247.71
249.37
251.14
252.11
252.17
254
255.56
255.96
256.85
258.01
258.38
259.65
259.89
261.07
263.34
264.39
264.91
267.35
269.78
270.15
270.99
272.25
272.16
272.76
273.13
272.37
271.59
270.75
269.42
269.26
270.77
269.52
267.46
265.64
263.58
263.74
265.02
265.55
265.54
264.67
263.8
264.75
263.65
264.6
265.98
266.47
268.27
269.09
269.81
271.27
274.69
278.23
280.97
282.64
282.42
281.53
279.17
275.87
271.89
269.4
268.29
266.47
263.99
262.59
260.55
260.01
258.4
256.46
254.66
252.99
252.91
253.95
253.5
254.52
254.67
255.42
255.3
253.42
251.98
252.47
253.7
255.54
256.51
256.91
255.68
253.43
252.51
250.77
248.6
248.29
249.18
251.38
252.81
254.31
254.77
254.06
254.22
254.42
255.65
257.28
257.91
258.67
258.41
257.44
255.64
253.67
250.79
248.06
245.16
243.46
243.13
244.84
245.43
246.1
246.02
245.99
244.86
245.38
243.94
244.42
245.55
246.46
246.64
248.12
249.46
250.79
252.93
254.91
257.91
261.38
264.34
267.86
270.94
273.33
275.31
278
279.69
281.71
283.73
285.34
287.26
289.02
291.42
293.24
294.01
294.05
294.83
295.42
294.41
294.85
295.21
295.13
295.68
294.87
293.78
292.22
291.49
289.45
286.44
283.39
280.75
280.5
279.4
276.85
274.14
271.38
268.88
266.81
264.1
262.06
260.1
258.73
256.38
253.77
252.04
250.58
250.46
250.21
249.99
249.45
250.65
253.56
257.91
260.71
263.02
262.86
262.49
261.96
260.74
260.08
259.98
260.34
260.41
259.43
257.36
255.73
254
254.84
255.16
255.1
256.36
257.25
258.95
260.49
260.27
261.69
263.85
264.7
266.27
266.05
265.04
265.15
265.27
265.75
266.83
268.14
267.69
269.19
270.42
271.49
271.55
271.3
270.67
270.7
271.77
271.79
271.42
272.06
272.2
272.38
272.36
272.79
272.8
274.7
277.56
281.24
285.12
288.03
292.46
296.91
300.09
302.65
305.32
307.16
307.94
307.14
307.22
307.61
306.62
303.49
300.19
298.22
295.63
293.03
291.09
291.31
293.25
294.6
294.23
295.24
296.07
296.16
296.85
297.42
299.02
299.89
301
301.11
301.49
302.03
301.88
300.44
299.81
299.6
299.19
298.51
296.24
294.2
291.98
293.12
293.69
293.8
293.6
294.03
293.15
289.88
286.57
285.68
285.34
283.82
