5.47
5.49
5.51
5.56
5.51
5.44
5.39
5.48
5.62
5.46
5.30
5.38
5.41
5.48
5.51
5.59
5.76
5.88
5.88
5.81
5.75
5.85
5.82
5.80
5.89
5.94
5.87
5.91
5.99
5.99
6.10
6.01
6.06
6.02
5.98
5.95
5.95
5.95
5.89
5.86
5.86
5.87
5.85
5.81
5.81
5.71
5.74
5.70
5.71
5.67
5.68
5.55
5.60
5.64
5.62
5.66
5.66
5.70
5.59
5.61
5.72
5.69
5.62
5.70
5.73
5.76
5.76
5.75
5.74
5.70
5.63
5.70
5.68
5.66
5.68
5.56
5.49
5.47
5.36
5.28
5.38
5.45
5.39
5.43
5.51
5.49
5.44
5.44
5.46
5.47
5.60
5.63
5.52
5.61
5.62
5.63
5.60
5.41
5.46
5.42
5.42
5.36
5.30
5.27
5.15
5.15
5.08
5.06
5.20
5.24
5.24
5.13
5.16
5.12
5.08
4.89
4.75
4.70
4.64
4.63
4.66
4.95
4.94
5.11
5.33
5.38
5.42
5.38
5.29
5.24
5.26
5.20
5.40
5.27
5.03
5.00
5.06
5.14
5.39
5.36
5.37
5.39
5.46
5.45
5.16
5.09
5.20
5.30
5.22
5.32
5.50
5.32
5.30
5.68
5.77
5.67
5.83
5.10
5.35
5.48
5.62
5.98
5.99
5.95
5.85
6.03
6.28
6.30
6.29
6.38
6.49
6.43
6.44
6.51
6.47
6.47
6.47
6.47
6.30
6.36
6.34
6.34
6.28
6.32
6.33
6.30
6.33
6.21
6.29
6.20
6.26
6.28
6.31
6.27
6.23
6.27
6.26
6.24
6.19
6.22
6.18
6.07
6.04
6.00
5.95
5.91
5.81
5.90
5.90
6.02
6.06
6.00
5.96
5.89
5.83
5.81
5.81
5.89
5.84
5.85
5.84
5.90
6.19
6.25
6.20
6.18
6.15
6.26
6.35
6.28
6.35
6.41
6.50
6.65
6.61
6.58
6.67
6.68
6.68
6.68
6.68
6.69
6.73
6.74
6.73
6.67
6.83
6.82
6.75
6.69
6.64
6.50
6.50
6.59
6.49
6.46
6.41
6.38
6.36
6.45
6.53
6.50
6.45
6.43
6.42
6.32
6.38
6.35
6.47
6.45
6.43
6.38
6.41
6.52
6.47
6.45
6.40
6.41
6.40
6.38
6.33
6.23
6.22
6.14
6.12
6.19
6.18
6.28
6.20
6.23
6.24
6.27
6.35
6.34
6.32
6.32
6.24
6.32
6.37
6.38
6.50
6.54
6.63
6.62
6.62
6.51
6.47
6.57
6.70
6.71
6.70
6.61
6.63
6.72
6.76
6.80
6.89
6.77
6.62
6.58
6.55
6.47
6.43
6.47
6.44
6.49
6.40
6.32
6.34
6.37
6.46
6.43
6.35
6.26
6.28
6.24
6.19
6.05
5.96
5.94
5.93
6.05
6.10
6.05
5.96
6.01
6.03
6.00
5.96
6.09
6.07
6.02
6.03
5.89
5.88
5.87
5.78
5.72
5.66
5.68
5.69
5.63
5.63
5.62
5.53
5.51
5.38
5.31
5.25
5.37
5.46
5.52
5.49
5.65
5.78
5.82
5.72
5.72
5.76
5.64
5.54
5.63
5.60
5.55
5.91
5.97
6.05
6.03
6.03
6.01
5.95
6.01
6.06
6.08
6.19
6.12
6.03
6.06
6.12
6.10
6.07
6.04
6.00
6.12
6.02
5.93
5.91
5.91
5.95
6.07
6.07
6.17
6.10
6.09
6.02
6.06
6.00
5.88
5.70
5.80
5.87
5.80
5.83
5.70
5.68
5.85
5.73
5.63
5.78
5.70
5.62
5.58
5.50
5.50
5.49
5.35
5.28
5.15
5.43
5.63
5.76
5.63
5.65
5.45
5.40
5.35
5.37
5.32
5.02
4.90
4.68
4.78
4.46
4.59
4.71
4.97
4.77
4.80
5.20
5.38
5.30
5.27
5.38
5.46
5.65
5.42
5.54
5.40
5.51
5.51
5.57
5.68
5.81
5.85
5.82
6.00
6.07
5.95
6.08
6.05
6.24
6.15
6.15
6.10
6.01
6.00
6.09
5.97
5.93
5.92
5.94
6.21
6.17
6.26
6.46
6.52
6.72
6.76
6.59
6.54
6.25
6.17
6.15
6.22
6.10
5.94
5.90
5.75
5.69
5.84
5.83
5.65
5.82
5.30
5.69
5.77
5.66
5.37
5.82
5.78
5.78
5.84
5.85
5.12
5.23
5.55
5.74
5.63
5.79
5.59
5.55
5.73
6.00
5.88
5.70
6.25
6.19
5.82
5.63
5.37
5.25
4.99
4.94
5.30
5.53
5.52
6.02
6.23
5.90
5.48
5.86
6.39
6.13
5.16
5.77
6.31
6.78
6.79
7.35
7.14
7.33
7.14
7.13
7.46
7.54
7.17
7.12
7.06
7.27
6.88
6.97
7.07
7.20
7.55
7.31
7.29
7.52
7.83
7.48
7.96
8.24
8.36
8.25
8.24
8.28
8.20
8.14
7.99
8.12
7.93
8.06
8.00
8.18
8.20
8.24
8.32
8.51
8.61
8.52
8.48
8.38
8.48
8.37
8.41
8.76
8.51
8.08
7.99
7.98
8.02
8.40
8.24
8.34
8.68
8.45
8.07
7.88
8.18
8.15
8.41
8.68
8.45
9.30
8.63
8.44
8.20
8.12
8.51
8.47
8.42
8.60
8.37
8.60
8.56
8.84
8.77
8.90
8.97
9.15
9.03
8.75
8.78
8.75
8.98
9.14
9.16
8.94
9.28
9.22
9.23
9.35
9.37
9.24
9.47
9.49
9.66
9.83
9.58
9.77
9.82
9.63
9.54
9.36
9.41
9.35
9.34
9.47
9.49
9.41
9.38
9.62
9.57
9.60
9.55
9.39
9.56
9.87
9.58
9.62
9.53
9.22
9.26
9.53
9.41
9.67
9.75
9.95
9.76
9.92
10.01
9.82
10.11
10.33
10.41
10.50
10.17
10.17
10.17
10.17
10.41
10.19
10.46
10.64
10.38
10.59
10.04
9.92
9.98
9.81
9.48
9.34
9.60
9.68
9.84
9.85
9.66
9.82
10.01
10.17
10.27
10.37
10.20
10.34
10.33
10.44
10.20
10.09
10.12
10.20
9.85
10.22
10.36
10.18
9.56
9.23
9.13
9.34
9.09
7.79
8.36
8.55
9.78
9.97
9.84
10.05
10.37
10.44
10.66
10.70
10.62
10.55
10.37
10.24
10.15
10.40
10.40
10.40
10.44
10.49
10.49
10.49
10.49
10.49
10.52
10.51
10.55
10.63
10.61
10.91
10.90
10.74
10.99
11.02
11.08
11.15
11.18
11.27
11.26
11.12
11.26
11.44
11.40
11.42
11.39
11.65
11.59
11.65
11.56
11.53
11.55
11.72
11.88
11.90
11.68
11.60
11.36
11.25
11.18
11.11
11.15
11.07
11.02
10.95
10.86
11.01
10.91
11.07
11.03
10.85
10.78
10.66
10.77
10.78
10.80
10.81
10.51
10.51
10.35
10.38
10.39
10.34
10.30
10.33
10.29
10.06
10.19
10.08
10.01
9.97
9.72
9.46
9.45
9.55
9.55
9.62
9.52
9.59
9.83
9.89
10.18
10.19
10.18
10.05
9.86
9.83
9.93
9.98
9.90
9.88
9.81
9.82
9.76
9.74
10.11
10.14
10.24
10.07
10.30
10.51
10.08
9.93
10.01
10.14
10.09
10.31
10.06
10.15
10.20
10.50
10.37
10.48
10.36
10.48
10.31
10.36
10.22
10.12
10.04
9.83
10.00
10.05
10.19
10.00
10.24
10.24
10.11
10.38
10.23
10.20
10.30
10.71
10.64
10.72
10.98
11.08
11.18
11.30
11.14
10.98
10.85
10.91
10.71
10.55
10.63
11.09
11.29
10.73
10.73
10.52
10.40
10.38
10.37
10.37
10.45
10.34
10.27
10.22
10.28
10.04
9.77
9.72
9.62
9.46
9.34
9.38
9.48
9.26
9.18
9.12
9.12
9.12
9.14
9.20
9.18
9.27
9.34
9.61
9.15
9.00
9.02
8.99
9.03
9.01
9.08
9.22
9.29
9.29
9.29
9.24
9.25
9.03
8.85
8.92
8.90
8.91
8.84
8.87
8.70
8.65
8.65
8.57
8.36
8.38
8.11
8.16
8.20
8.32
8.29
8.12
8.12
8.07
8.19
8.15
8.29
8.44
8.75
8.62
8.68
8.67
8.72
8.83
8.70
8.73
8.77
8.71
8.70
8.76
8.73
8.75
8.50
8.27
8.25
8.20
8.20
8.29
8.26
8.12
8.14
8.16
8.09
8.12
8.04
7.98
8.01
8.13
8.11
8.08
8.14
8.07
8.14
8.15
8.16
8.25
8.30
8.27
8.28
8.28
8.32
8.31
8.25
8.25
8.25
8.27
8.31
8.29
8.32
8.37
8.35
8.35
8.32
8.33
8.27
8.36
8.44
8.50
8.37
8.24
8.38
8.37
8.02
8.19
8.28
8.36
8.32
8.45
8.54
8.51
8.61
8.56
8.51
8.46
8.69
8.86
9.03
9.03
9.05
9.02
9.04
8.99
8.99
9.02
9.05
8.96
8.98
9.00
9.00
8.94
8.80
8.73
8.60
8.60
8.64
8.62
8.55
8.71
8.96
9.05
8.97
9.00
8.89
8.88
8.82
9.12
9.54
8.34
8.10
8.07
8.15
8.06
7.88
7.89
7.88
7.57
7.52
7.46
7.26
7.30
7.18
7.23
7.31
7.33
7.26
7.24
7.24
7.22
7.16
7.12
7.11
7.07
7.15
7.13
7.12
7.22
7.29
7.23
7.15
7.09
7.11
7.12
7.01
6.94
7.03
6.94
6.97
6.88
6.95
6.96
6.88
6.73
6.70
6.62
6.49
6.57
6.53
6.43
6.43
6.43
6.48
6.57
6.57
6.60
6.59
6.58
6.57
6.57
6.58
6.73
6.61
6.50
6.51
6.55
6.60
6.56
6.50
6.41
6.37
6.28
6.28
6.28
6.28
6.32
6.32
6.25
6.35
6.16
6.19
6.20
6.22
6.26
6.21
6.31
6.33
6.24
6.15
6.16
6.03
6.15
6.18
6.22
6.40
6.37
6.47
6.61
6.67
6.72
6.72
6.76
6.60
6.54
6.52
6.45
6.45
6.43
6.43
6.39
6.43
6.51
6.49
6.48
6.39
6.41
6.41
6.41
6.41
6.44
6.54
6.53
6.61
6.66
6.62
6.61
6.66
6.70
6.68
6.68
6.74
6.85
6.85
6.85
6.81
6.81
6.72
6.69
6.62
6.64
6.61
6.59
6.51
6.48
6.47
6.49
6.55
6.62
6.65
6.62
6.80
6.91
6.77
6.85
6.73
6.34
6.20
6.18
6.20
6.24
6.24
6.18
6.10
6.01
6.04
6.09
6.12
5.98
5.93
5.86
5.80
5.83
5.79
5.74
5.68
5.69
5.69
5.73
5.62
5.66
5.72
5.69
5.73
5.74
5.70
5.73
5.68
5.68
5.70
5.69
5.70
5.77
5.81
5.81
5.78
5.73
5.73
5.74
5.71
5.65
5.59
5.62
5.58
5.60
5.58
5.62
5.61
5.64
5.65
5.62
5.60
5.62
5.63
5.59
5.65
5.64
5.64
5.64
5.62
5.55
5.60
5.61
5.61
5.58
5.59
5.60
5.57
5.53
5.52
5.50
5.53
5.54
5.54
5.52
5.56
5.59
5.47
5.48
5.55
5.58
5.61
5.56
5.57
5.57
5.60
5.62
5.66
5.62
5.68
5.75
5.78
5.78
5.83
5.88
5.92
5.86
5.81
5.78
5.84
5.76
5.78
5.69
5.59
5.58
5.64
5.61
5.61
5.60
5.57
5.59
5.58
5.56
5.53
5.53
5.51
5.38
5.27
5.26
5.22
5.14
5.16
5.18
5.21
5.24
5.25
5.28
5.29
5.24
5.25
5.26
5.27
5.28
5.31
5.30
5.21
5.21
5.20
5.21
5.24
5.28
5.22
5.26
5.26
5.25
5.27
5.27
5.27
5.27
5.26
5.30
5.30
5.28
5.33
5.34
5.34
5.32
5.31
5.26
5.36
5.35
5.37
5.38
5.45
5.44
5.42
5.37
5.38
5.41
5.37
5.38
5.33
5.34
5.32
5.30
5.39
5.35
5.33
5.31
5.32
5.33
5.26
5.32
5.32
5.30
5.19
5.20
5.15
5.17
5.13
5.14
5.17
5.18
5.21
5.20
5.07
5.05
5.07
5.09
5.09
5.11
5.14
5.15
5.16
5.14
5.12
5.10
5.04
5.04
5.04
5.06
5.08
5.05
5.04
5.06
5.06
5.04
5.12
5.20
5.21
5.15
5.18
5.18
5.20
5.20
5.12
5.00
5.09
5.05
5.01
5.04
5.02
5.02
5.02
4.97
4.99
4.95
4.98
4.97
4.93
4.97
4.90
4.89
4.89
4.97
4.99
5.03
5.02
4.97
4.98
4.99
4.98
4.98
4.92
4.97
4.94
4.93
5.08
5.10
5.07
5.03
4.97
4.97
4.85
4.81
4.82
4.83
4.84
4.81
4.81
4.75
4.75
4.71
4.69
4.66
4.68
4.64
4.64
4.64
4.68
4.66
4.68
4.68
4.65
4.60
4.61
4.61
4.63
4.60
4.60
4.65
4.62
4.68
4.68
4.69
4.67
4.65
4.65
4.65
4.63
4.61
4.59
4.55
4.57
4.55
4.56
4.53
4.50
4.49
4.47
4.47
4.47
4.47
4.48
4.47
4.42
4.44
4.44
4.40
4.37
4.38
4.39
4.38
4.37
4.36
4.30
4.34
4.35
4.36
4.36
4.36
4.35
4.36
4.35
4.34
4.33
4.29
4.29
4.26
4.22
4.20
4.21
4.27
4.25
4.24
4.26
4.23
4.24
4.23
4.26
4.27
4.27
4.28
4.26
4.27
4.26
4.28
4.25
4.18
4.20
4.16
4.16
4.19
4.18
4.19
4.20
4.20
4.20
4.22
4.22
4.24
4.26
4.25
4.24
4.29
4.30
4.30
4.29
4.25
4.24
4.20
4.19
4.20
4.19
4.17
4.17
4.16
4.14
4.14
4.13
4.12
4.11
4.11
4.12
4.12
4.15
4.14
4.18
4.22
4.21
4.23
4.24
4.25
4.24
4.21
4.25
4.24
4.28
4.30
4.32
4.27
4.29
4.30
4.31
4.31
4.31
4.31
4.31
4.29
4.25
4.25
4.25
4.23
4.25
4.34
4.34
4.36
4.33
4.32
4.30
4.25
4.26
4.24
4.21
4.20
4.18
4.14
4.18
4.19
4.18
4.20
4.20
4.16
4.10
4.11
4.09
4.14
4.13
4.12
4.07
4.06
4.11
4.11
4.15
4.18
4.18
4.20
4.21
4.17
4.13
4.14
4.14
4.18
4.18
4.24
4.16
4.16
4.11
4.14
4.14
4.21
4.28
4.29
4.28
4.26
4.31
4.29
4.31
4.24
4.25
4.26
4.30
4.30
4.30
4.24
4.27
4.27
4.28
4.24
4.20
4.16
4.15
4.11
4.08
4.03
4.06
4.05
4.13
4.10
4.07
4.00
3.91
4.06
4.10
4.17
4.16
4.18
4.18
4.18
4.18
4.20
4.19
4.15
4.11
4.14
4.10
4.14
4.12
4.16
4.14
4.13
4.12
4.07
4.09
4.05
4.03
4.02
3.99
4.01
3.96
3.95
3.90
3.86
3.88
3.90
3.86
3.86
3.90
3.88
3.88
3.86
3.85
3.85
3.88
3.88
3.88
3.83
3.82
3.82
3.85
3.89
3.89
3.88
3.92
3.92
3.92
3.94
3.90
3.90
3.90
3.90
3.87
3.85
3.84
3.78
3.73
3.69
3.67
3.64
3.61
3.62
3.62
3.62
3.62
3.65
3.63
3.65
3.60
3.61
3.61
3.60
3.62
3.60
3.59
3.57
3.56
3.58
3.62
3.62
3.62
3.61
3.61
3.63
3.64
3.62
3.64
3.64
3.59
3.64
3.62
3.65
3.64
3.61
3.60
3.62
3.67
3.65
3.65
3.67
3.67
3.68
3.69
3.69
3.71
3.67
3.67
3.67
3.70
3.66
3.66
3.61
3.64
3.66
3.70
3.71
3.74
3.76
3.84
3.81
3.78
3.80
3.77
3.80
3.83
3.83
3.83
3.84
3.83
3.81
3.81
3.86
3.90
3.87
3.88
3.88
3.87
3.90
3.89
3.85
3.85
3.83
3.86
3.79
3.79
3.75
3.76
3.75
3.76
3.73
3.74
3.75
3.73
3.73
3.80
3.78
3.75
3.78
3.79
3.79
3.74
3.74
3.74
3.74
3.75
3.75
3.81
3.82
3.80
3.75
3.73
3.71
3.75
3.69
3.70
3.72
3.71
3.77
3.81
3.82
3.80
3.77
3.82
3.87
3.78
3.80
3.79
3.75
3.70
3.69
3.66
3.67
3.68
3.72
3.70
3.73
3.68
3.70
3.71
3.70
3.71
3.70
3.66
3.70
3.69
3.65
3.68
3.65
3.69
3.67
3.63
3.65
3.63
3.64
3.54
3.54
3.61
3.56
3.61
3.61
3.61
3.75
3.72
3.71
3.72
3.77
3.78
3.76
3.76
3.76
3.77
3.75
3.74
3.76
3.78
3.75
3.78
3.78
3.79
3.85
3.81
3.76
3.73
3.74
3.76
3.75
3.75
3.64
3.71
3.68
3.72
3.71
3.75
3.71
3.74
3.62
3.59
3.60
3.56
3.54
3.53
3.50
3.54
3.56
3.55
3.55
3.60
3.58
3.56
3.55
3.55
3.60
3.50
3.47
3.47
3.48
3.50
3.46
3.43
3.48
3.44
3.40
3.44
3.42
3.41
3.37
3.33
3.51
3.51
3.51
3.54
3.57
3.55
3.55
3.56
3.56
3.56
3.50
3.44
3.48
3.40
3.35
3.35
3.35
3.34
3.34
