"x"
8.72
9.09
8.92
9.06
9.26
8.98
8.8
8.96
9.11
9.09
9.17
9.36
9.18
8.86
8.28
8.02
8.11
8.19
8.01
7.87
7.84
8.21
8.47
8.59
8.79
8.76
8.48
8.47
8.75
8.89
8.72
8.39
8.08
8.09
7.85
8.11
8.04
8.07
8.28
8.27
7.9
7.65
7.53
7.42
7.09
7.03
7.34
7.54
7.48
7.39
7.26
6.84
6.59
6.42
6.59
6.87
6.77
6.6
6.26
5.98
5.97
6.04
5.96
5.81
5.68
5.36
5.33
5.72
5.77
5.75
5.97
6.48
6.97
7.18
7.1
7.3
7.24
7.46
7.74
7.96
7.81
7.78
7.47
7.2
7.06
6.63
6.17
6.28
6.49
6.2
6.04
5.93
5.71
5.65
5.81
6.27
6.51
6.74
6.91
6.87
6.64
6.83
6.53
6.2
6.3
6.58
6.42
6.69
6.89
6.71
6.49
6.22
6.3
6.21
6.03
5.88
5.81
5.54
5.57
5.65
5.64
5.65
5.5
5.46
5.34
4.81
4.53
4.83
4.65
4.72
5
5.23
5.18
5.54
5.9
5.79
5.94
5.92
6.11
6.03
6.28
6.66
6.52
6.26
5.99
6.44
6.1
6.05
5.83
5.8
